data/fp_height_map.ecsv
# %ECSV 1.0
# ---
# datatype:
# - {name: DET_NAME, datatype: string}
# - {name: ORIGIN_X, unit: mm, datatype: float64, description: X_CCS coordinate of Zernike function origin}
# - {name: ORIGIN_Y, unit: mm, datatype: float64, description: Y_CCS coordinate of Zernike function origin}
# - {name: MIN_X, unit: mm, datatype: float64, description: Minimum X_CCS coordinate of sensor}
# - {name: MAX_X, unit: mm, datatype: float64, description: Maximum X_CCS coordinate of sensor}
# - {name: MIN_Y, unit: mm, datatype: float64, description: Minimum Y_CCS coordinate of sensor}
# - {name: MAX_Y, unit: mm, datatype: float64, description: Maximum Y_CCS coordinate of sensor}
# - {name: R_OUTER, unit: mm, datatype: float64, description: Circular Zernike radius}
# - {name: ZK, unit: mm, datatype: string, description: 'Circular Zernike coefficient starting at j=0.  I.e., ZK[0] is meaningless, ZK[1]
#     is piston, ZK[4] is focus, ...', subtype: 'float64[29]'}
# meta: !!omap
# - {description: 'Values from Document-37242, cold_a_BOT_metro_cold_L3flat_200805a_full_55_200807001609 dataset.'}
# schema: astropy-2.0
DET_NAME ORIGIN_X ORIGIN_Y MIN_X MAX_X MIN_Y MAX_Y R_OUTER ZK
[from data line 176]
R41_S02 211.75 -84.75 191.4998 232.0002 -104.6229 -64.8771 29.69848 [-0.004850644152611494,-0.004850644152611494,-0.003228218061849475,0.0008190913940779865,-0.004981554578989744,-0.0011668590595945716,1.1935153452213854e-05,0.0004837205051444471,-0.0006716368370689452,-0.0001306638732785359,0.00038048982969485223,-0.0005403923569247127,0.000583953398745507,-0.0001553371112095192,-0.00039601718890480697,-0.000987625913694501,0.00020875371410511434,6.43297316855751e-05,0.0003103467752225697,-0.00047939710202626884,-0.000820632092654705,0.00029065762646496296,0.0002775057218968868,-0.00010758647840702906,0.00026237370911985636,-0.0008194717229343951,-1.745066765579395e-05,-0.00046392521471716464,-0.0005201883614063263]
R41_S10 254.0 -169.25 234.1271 273.8729 -189.5004 -149.0 29.69848 [-0.004534286912530661,-0.004534286912530661,-0.006267753895372152,-0.00044821453047916293,-0.00611767265945673,0.00012160035112174228,-0.004286765120923519,-0.0008971043862402439,-0.0010819899616762996,0.000399865151848644,-0.0004046914109494537,-0.0001510551228420809,-0.00016092779696919024,5.008737571188249e-05,0.0011106485035270452,3.3842427455965662e-06,-7.16026479494758e-05,-0.00012040615547448397,0.00027846687589772046,0.00013990103616379201,-0.00025594644830562174,-0.0007836568402126431,8.270770194940269e-05,6.466075137723237e-05,6.59756624372676e-05,0.0005174744874238968,0.00011915228242287412,-0.00013991606829222292,-0.00043048246880061924]
R41_S11 254.0 -127.0 233.7496 274.2502 -146.8729 -107.1271 29.69848 [-0.003051826963201165,-0.003051826963201165,-0.0026838742196559906,0.00044162440462969244,-0.0038089558947831392,-0.0004476881877053529,-0.0013974522007629275,0.0001375476422253996,-0.0003040048177354038,0.0008481514523737133,9.98277755570598e-05,-0.0006024648318998516,3.871104127028957e-05,6.0723024944309145e-05,0.00031333425431512296,0.0006491778767667711,0.00016937717737164348,-7.420322071993724e-05,0.000314597156830132,0.00018102607282344252,-0.0005098318797536194,0.0007387141813524067,0.00022181958775036037,-0.00010131080489372835,0.00016373160178773105,9.421250433661044e-05,-2.5147790438495576e-05,0.00027050607604905963,-0.0006703691906295717]
R41_S12 254.0 -84.75 234.1271 273.8729 -105.0004 -64.49992 29.69848 [-0.0044911629520356655,-0.0044911629520356655,-0.0014979743864387274,0.001509788096882403,-0.003901122137904167,-0.0004940088838338852,0.0011050791945308447,0.0006572147249244153,-0.0001889253908302635,-0.0004024163354188204,0.0005082605057395995,-0.0009929497027769685,0.00033497397089377046,1.4178471246850677e-05,0.0006573305581696332,0.0005538783152587712,0.00041220494313165545,-0.0002021028340095654,0.00040906333015300333,-0.0004148478910792619,-0.00014173959789332002,-0.00015089304361026734,3.590071628423175e-06,4.679616540670395e-05,0.00018792512128129601,3.456958802416921e-05,0.0002789330028463155,2.4192397177102976e-05,-0.00030421651899814606]
R41_S20 296.25 -169.25 275.9995 309.2099 -189.1228 -149.3057 29.69848 [-0.009312313981354237,-0.009312313981354237,-0.006066074129194021,0.001099816057831049,-0.002749420702457428,-0.001373549341224134,0.00022020637698005885,-0.0008355251629836857,0.0022318358533084393,-0.00209619477391243,0.003569127293303609,0.0011546120513230562,0.0012543544871732593,-0.0006696772761642933,0.0030821668915450573,-0.002554649952799082,0.0008180175209417939,-0.00017194550309795886,0.0006715147173963487,-0.00013760307047050446,0.0016447645612061024,-0.0020372197031974792,0.0002639514859765768,-8.810770668787882e-05,0.00011165693285875022,4.499748320085928e-05,-0.000309771770844236,-0.0003289366723038256,0.0004347223148215562]
R41_S21 296.25 -127.0 275.9873 316.1224 -147.2501 -106.7496 29.69848 [-0.008155391551554203,-0.008155391551554203,-0.005661622621119022,0.00028780061984434724,-0.00446813041344285,-0.00041090272134169936,-0.001218878198415041,-0.00010591109457891434,-0.00016826391220092773,0.0011795207392424345,-0.0004905012319795787,0.00017949347966350615,-0.0003529649111442268,-0.00022815614647697657,0.0005034866626374424,0.0014086472801864147,0.00019945735402870923,0.00015894016542006284,-6.0133639635751024e-05,-4.1152994526783004e-05,9.279834193876013e-05,3.904102777596563e-05,9.923462130245753e-06,-0.0001368511002510786,7.596761133754626e-05,0.0003301780088804662,-1.3108553503116127e-05,-7.726871263002977e-05,-0.0002375956391915679]
R41_S22 296.25 -84.75 275.9998 316.5001 -104.6229 -64.87711 29.69848 [-0.0069550503976643085,-0.0069550503976643085,-0.0018434294033795595,0.0008175232214853168,-0.005443836096674204,0.00041519265505485237,-0.0031876720022410154,6.254774780245498e-05,0.0009248263668268919,0.000749130267649889,0.002009714487940073,-0.0009061037562787533,-0.0009180270135402679,0.0003187213442288339,-0.0004992353497073054,0.0003845017636194825,0.0006743021076545119,-0.0003064248012378812,0.0007259488338604569,0.00021954471594654024,2.4531833332730457e-05,0.0006644255481660366,0.00028769875643774867,-0.00012197183968964964,4.999098018743098e-05,-7.313078822335228e-05,-9.108446829486638e-05,-0.00014376910985447466,-0.0004431694687809795]
R42_S00 211.75 -42.25 191.4997 232.0002 -62.12289 -22.23427 29.69848 [-0.0029915061313658953,-0.0029915061313658953,-0.004410033579915762,0.0005485599394887686,-0.006241251714527607,-0.0003490794915705919,-0.004129328764975071,-0.00036021461710333824,-0.001186886802315712,0.0002544546441640705,-0.0013259946135804057,-0.0007015163428150117,-0.00022857420844957232,0.0001692126679699868,-0.0001235364907188341,0.0005910446052439511,-0.0001013933724607341,7.417479355353862e-05,-0.00018057916895486414,0.00029790206463076174,-0.0004133057373110205,-0.00014649465447291732,0.00010231151100015268,0.00011011527385562658,0.0001724774920148775,0.0006756382645107806,8.739031181903556e-05,-5.127219992573373e-06,-0.0007048595580272377]
R42_S01 211.75 0.0 191.8771 231.6229 -20.25023 20.25039 29.69848 [0.0011541335843503475,0.0011541335843503475,-0.0018272555898874998,0.0018302981043234468,-0.0031340857967734337,-0.0007213172502815723,-0.00029215452377684414,0.0008092430070973933,-0.001482817460782826,-0.001530173933133483,-0.0008893010672181845,7.07807885191869e-07,1.4568999176844954e-05,-0.00042162835597991943,0.0012269754661247134,-0.00044718943536281586,-0.0003353332867845893,0.00027101451996713877,-0.0002052339114015922,-0.0008059355895966291,-0.0009589598048478365,0.00014350921264849603,0.0004508626298047602,-9.071942622540519e-05,0.0002090409689117223,-0.00039078210829757154,0.0007179548847489059,-0.00016700831474736333,-0.0003472384123597294]
R42_S02 211.75 42.25 191.5001 232.0005 22.29676 62.12286 29.69848 [-0.001300810487009585,-0.001300810487009585,-0.002886539325118065,0.0008584468741901219,-0.0030950854998081923,0.00012789924221578985,-0.0010893287835642695,0.00026961270486935973,0.00013657647650688887,0.001033277832902968,0.00042312676669098437,-0.00038303431938402355,-8.048683230299503e-05,0.0004996141069568694,0.00010615102655719966,0.0005122359725646675,0.00023484147095587105,4.086585613549687e-05,-5.7921733969124034e-05,0.000331692339386791,-0.0007581409881822765,0.000758145353756845,7.8966622822918e-05,5.9851310652447864e-05,0.0001667410833761096,-0.00013947214756626636,2.9144643121981062e-05,-7.896951501606964e-06,-0.0006144457729533315]
R42_S10 254.0 -42.25 234.0947 273.8728 -62.50034 -21.99989 29.69848 [0.0014277830487117171,0.0014277830487117171,-0.00030707838595844805,-0.0002125324244843796,-0.0032268385402858257,0.0001987529976759106,-0.00031700858380645514,-0.00047839240869507194,-0.0007662788266316056,0.0010098315542563796,0.001282632234506309,-0.000676747178658843,0.0005806618719361722,0.00014843748067505658,0.0011187217896804214,-0.0004488684353418648,-1.3534509889723267e-05,-0.00018564469064585865,0.00012909361976198852,0.0005435352213680744,-0.0001396389416186139,-0.0009361108532175422,0.00028581960941664875,1.4076405022933614e-05,0.00019406598585192114,-0.000332109717419371,4.90179008920677e-05,8.79971485119313e-05,3.5549306630855426e-05]
R42_S11 254.0 0.0 233.7499 274.2499 -20.2627 20.2624 29.69848 [-0.00015859083214309067,-0.00015859083214309067,0.0002999854914378375,0.0006294677150435746,-0.0035422085784375668,-0.0005492107593454421,-0.00014093492063693702,0.000133465466205962,0.0003754558274522424,-0.0008423306862823665,0.0013483947841450572,-0.00039403600385412574,0.00012545054778456688,-0.0001512172311777249,0.0001891620340757072,-0.00022538348275702447,0.000261644454440102,-8.162112499121577e-05,0.00042171633685939014,-0.0004183679702691734,-0.0005193574470467865,0.0003738329978659749,0.00023808793048374355,-0.00014287352678366005,0.00023083481937646866,-0.00028311883215792477,4.52443455287721e-05,3.0607137887272984e-05,-0.0005996563704684377]
R42_S12 254.0 42.25 233.9474 273.8729 21.99968 62.50016 29.69848 [-0.0008433418115600944,-0.0008433418115600944,-0.0012606390519067645,0.0015418630791828036,-0.00524380337446928,-0.0002604339679237455,-0.0012784593272954226,0.00016909244004637003,0.00017324437794741243,0.000471612554974854,0.0014631893718615174,-0.0008422512910328805,0.000600912724621594,-0.0001579654635861516,-0.0003931188548449427,-0.001575374393723905,0.0005420551169663668,-1.969273762369994e-05,0.0008869176381267607,0.0002373209863435477,-0.00019947813416365534,-2.0030573068652302e-05,0.00047610022011213005,-0.0004321449960116297,0.0004965761327184737,-0.0009716108324937522,0.0001351012906525284,-0.0008878143853507936,-0.0005304216756485403]
R42_S20 296.25 -42.25 275.9998 316.5001 -62.12289 -22.37713 29.69848 [-0.0014567413600161672,-0.0014567413600161672,-0.0010951895965263247,0.0006701116217300296,-0.004068173002451658,-0.000390482135117054,-0.00033839535899460316,0.00012667063856497407,0.0011602507438510656,0.0007734412210993469,0.0009239490609616041,-0.00019420300668571144,0.00010861746704904363,-0.00011263920168858021,0.0003871901717502624,0.00019188481383025646,0.0007622505654580891,-0.00012092170072719455,0.00030105834593996406,0.0004495993198361248,-0.00017377777840010822,-0.000584336812607944,0.00023091473849490285,-0.00030963897006586194,7.637216185685247e-05,-0.0002485671720933169,-0.0001676591346040368,-0.00041495467303320765,-0.0009544198401272297]
R42_S21 296.25 0.0 276.1828 316.1224 -20.24998 20.25047 29.69848 [-0.006177025847136974,-0.006177025847136974,-0.003029806539416313,0.0015369951725006104,-0.004938074853271246,-0.0007358479779213667,0.000879549072124064,0.000857680628541857,0.0001427806419087574,-0.0011885554995387793,0.0007771357195451856,-0.0006934568518772721,0.0005430419696494937,-0.00029646861366927624,-0.00041629033512435853,0.0006742032710462809,0.0005676468717865646,9.009463246911764e-05,0.0003873891837429255,-0.0008544227457605302,-0.0004453644505701959,0.00022059489856474102,0.00024075066903606057,6.917405698914081e-05,0.0003865383332595229,0.00047306923079304397,0.00013878903700970113,0.0002401828533038497,-0.00042733809095807374]
R42_S22 296.25 42.25 275.9996 316.5 22.37716 62.12286 29.69848 [0.0006665288237854838,0.0006665288237854838,-0.0005553564406000078,0.0001518892531748861,-0.0028899889439344406,-0.00048640830209478736,-7.74644868215546e-05,1.1289275789749809e-06,0.0006881969748064876,0.0005594543181359768,0.000999051844701171,-0.0003514828276820481,3.592486973502673e-05,-8.25687893666327e-05,9.227408736478537e-05,0.0002664524072315544,0.00030950401560403407,-8.451532630715519e-05,-0.00019329019414726645,0.0001055701359291561,-0.0006170014967210591,0.0008222105097956955,0.00027791925822384655,-1.4253274116526882e-07,0.0001150545067503117,-0.00014234799891710281,-9.488996875006706e-05,-0.0004826713411603123,-0.0005613003741018474]
R43_S00 211.75 84.75 191.5 232.0005 64.87711 104.6229 29.69848 [-0.0044914307072758675,-0.0044914307072758675,-0.00640035979449749,0.00029872095910832286,-0.006370923947542906,-0.0009821589337661862,-0.003255940740928054,-0.0002141435834346339,-0.0007895541493780911,-0.00022640427050646394,0.00038518302608281374,0.00010628802556311712,0.0003852230729535222,1.9637993318610825e-05,0.0002640273596625775,-0.0009098328300751746,0.0003352886706124991,0.00010114525503013283,0.00047017211909405887,-0.0002203434269176796,-0.0007316694827750325,-0.0006996479351073503,0.0002989285858348012,4.819120658794418e-05,9.736488573253155e-05,5.7128199841827154e-05,-0.0002684015780687332,-0.00024233557633124292,-0.0006177402683533728]
R43_S01 211.75 127.0 191.8772 231.6228 106.7499 147.2499 29.69848 [-0.0005617723218165338,-0.0005617723218165338,-0.0006776865920983255,0.0007256711251102388,-0.0029532299377024174,-0.0008129234192892909,-0.0011245256755501032,-0.00023893523029983044,0.0007780297892168164,0.0012412919895723462,0.0005376655608415604,-1.2360136679490097e-05,-0.00025780266150832176,-2.192756801377982e-05,0.0006159815820865333,0.0005739749176427722,0.00044398047612048686,5.0066326366504654e-05,0.00020340883929748088,-6.471179221989587e-05,-0.0005371457664296031,0.0003130881814286113,0.00027268537087365985,-0.00020028896688017994,0.00013982434757053852,3.150167685816996e-05,7.2088619162968826e-06,-0.0006180876516737044,-0.0006077103316783905]
R43_S02 211.75 169.25 191.4998 232.0004 149.3771 189.1229 29.69848 [-0.0006164868245832622,-0.0006164868245832622,-0.004770009778439999,-4.50942970928736e-05,-0.006398257799446583,8.141643047565594e-05,-0.005017702467739582,-0.00035138841485604644,-0.0007235450320877135,0.00011380830255802721,-0.0006102517945691943,-0.0007189614698290825,-0.0006268434808589518,-0.00024576258147135377,0.00018074757826980203,-0.0009251906885765493,0.0005375795299187303,-4.135202107136138e-05,0.00033066418836824596,9.032008529175073e-05,-0.00010213730274699628,-0.0005940801347605884,0.00028182900859974325,6.58061180729419e-05,0.00020148202020209283,-0.000227200158406049,0.0001260092103620991,-0.00018214265583083034,-0.00041162376874126494]
R43_S10 254.0 84.75 234.1271 273.8729 64.49975 105.0002 29.69848 [0.002652279566973448,0.002652279566973448,0.0007128730067051947,0.0011386258993297815,-0.003697998123243451,-0.00032612000359222293,0.0015976843424141407,-0.00018541206372901797,0.0005382620147429407,0.001355707529000938,0.001603236305527389,-0.0006409577908925712,0.0008488723542541265,-0.0004291259392630309,0.000391517038224265,-0.0014420729130506516,0.0008063866407610476,-0.0005621815216727555,0.0005405553383752704,0.00040142444777302444,0.00022006846847943962,-0.00019335043907631189,0.0006265646661631763,-0.0005112862563692033,0.0004772121028508991,-0.0009426271426491439,0.0001827166270231828,-0.0015062795719131827,0.0002594762190710753]
R43_S11 254.0 127.0 233.7497 274.2502 107.1272 146.8728 29.69848 [0.0013534817844629288,0.0013534817844629288,-0.0016837596194818616,7.076872861944139e-05,-0.00412082439288497,0.00041684776078909636,-0.0011915207142010331,0.0009287178399972618,-0.0005837774951942265,-2.5599205400794744e-05,0.00040237969369627535,-0.0008170687360689044,0.00023007606796454638,0.00032213557278737426,-0.0005585531471297145,0.00039889931213110685,0.00024833896895870566,0.00022212455223780125,0.00026851549046114087,0.0002976505784317851,-0.0005271254340186715,0.0006244995165616274,-0.00012295428314246237,2.0646548364311457e-05,4.457500472199172e-05,0.00025827661738730967,-0.00011107716272817925,0.0004779456357937306,-0.0004912394797429442]
R43_S12 254.0 169.25 234.1271 273.8729 148.9998 189.5002 29.69848 [0.003652365878224373,0.003652365878224373,-0.0017273386474698782,-0.001968229655176401,-0.002828003605827689,-0.0008646511705592275,-0.0018162024207413197,-0.00016268760373350233,-0.000613291806075722,0.00106341065838933,-0.0002590758085716516,0.00018889149941969663,-0.0006035632104612887,-0.0002947607426904142,0.0015683118253946304,0.0001437816390534863,-8.508958853781223e-05,-9.200509521178901e-05,-0.00031774109811522067,0.0004980639205314219,-0.0007487902184948325,0.0006233893218450248,0.000262986752204597,-0.00010481161007191986,-6.374694203259423e-05,-0.0001851619454100728,0.00038815077277831733,-0.0002500887494534254,-0.0006378521793521941]
