data/fp_height_map.ecsv
# %ECSV 1.0
# ---
# datatype:
# - {name: DET_NAME, datatype: string}
# - {name: ORIGIN_X, unit: mm, datatype: float64, description: X_CCS coordinate of Zernike function origin}
# - {name: ORIGIN_Y, unit: mm, datatype: float64, description: Y_CCS coordinate of Zernike function origin}
# - {name: MIN_X, unit: mm, datatype: float64, description: Minimum X_CCS coordinate of sensor}
# - {name: MAX_X, unit: mm, datatype: float64, description: Maximum X_CCS coordinate of sensor}
# - {name: MIN_Y, unit: mm, datatype: float64, description: Minimum Y_CCS coordinate of sensor}
# - {name: MAX_Y, unit: mm, datatype: float64, description: Maximum Y_CCS coordinate of sensor}
# - {name: R_OUTER, unit: mm, datatype: float64, description: Circular Zernike radius}
# - {name: ZK, unit: mm, datatype: string, description: 'Circular Zernike coefficient starting at j=0.  I.e., ZK[0] is meaningless, ZK[1]
#     is piston, ZK[4] is focus, ...', subtype: 'float64[29]'}
# meta: !!omap
# - {description: 'Values from Document-37242, cold_a_BOT_metro_cold_L3flat_200805a_full_55_200807001609 dataset.'}
# schema: astropy-2.0
DET_NAME ORIGIN_X ORIGIN_Y MIN_X MAX_X MIN_Y MAX_Y R_OUTER ZK
[from data line 66]
R13_S11 -127.0 127.0 -147.2505 -106.7501 107.1271 146.8729 29.69848 [0.0014422853710129857,0.0014422853710129857,-0.00323504488915205,0.0007617513765580952,0.0004506467957980931,-0.000734162051230669,-8.328375406563282e-05,0.000358730205334723,-0.003210571361705661,-0.0008066338486969471,-0.003308105980977416,0.0004285037866793573,-2.3128101020120084e-05,-0.0003743029374163598,0.0003633098676800728,-0.0009224117384292185,-0.000975503702647984,2.8709922844427638e-05,-0.0010525084799155593,-0.00018934730906039476,-0.0009087159996852279,-0.00018428541079629213,0.000283679342828691,-8.688912203069776e-05,-4.747401544591412e-05,-0.0003544903884176165,0.00028764401213265955,-0.0006484515033662319,-0.00011619389988481998]
R13_S12 -127.0 169.25 -146.8729 -107.1271 148.9997 189.5001 29.69848 [0.000867952243424952,0.000867952243424952,-0.009383070282638073,-0.0042286217212677,0.0006119473255239427,0.0005215529818087816,0.0018253688467666507,0.00018814254144672304,-0.0031166712287813425,-0.0001953013997990638,-0.002989220665767789,0.0002909223549067974,0.001060210750438273,0.000375236792024225,0.0003575555747374892,0.0006982641061767936,-0.0008568362100049853,-8.437532233074307e-05,-0.0008907872252166271,0.00012348158634267747,-0.0010025857482105494,-6.338616367429495e-05,0.00021332134201657027,0.00017988577019423246,0.0002038345846813172,0.00028727989410981536,0.00017242346075363457,0.00039695811574347317,0.00015150883700698614]
R13_S20 -84.75 84.75 -105.0002 -64.49971 64.8772 104.6229 29.69848 [0.0024451788049191236,0.0024451788049191236,0.001782385166734457,0.0002057591191260144,-0.0008308710530400276,3.212428782717325e-05,-0.0003054260741919279,1.9109536879113875e-05,-0.0004967249697074294,-0.0002944381267298013,-0.0005593886598944664,-0.0002221305767307058,-7.930218271212652e-05,-7.283026934601367e-05,-0.0004245080635882914,-0.00045227439841255546,-1.3357848729356192e-05,-6.743622361682355e-05,-3.6490411730483174e-05,-1.775626151356846e-05,0.00013111886801198125,-4.437286042957567e-05,1.8751527022686787e-05,-0.00010430552356410772,-3.886088961735368e-05,-0.0001540475495858118,-1.7352555005345494e-05,0.00010455978917889297,8.746908861212432e-05]
R13_S21 -84.75 127.0 -104.6228 -64.87714 106.75 147.2504 29.69848 [-0.0025261419359594584,-0.0025261419359594584,0.0030522060114890337,0.00018865132005885243,-0.0008171297376975417,0.00010506070975679904,-0.00036170234670862556,0.00022084472584538162,-0.0006916228448972106,-0.00046471046516671777,-0.0009550922550261021,-0.00037237623473629355,0.00014342185750138015,-1.0581666174402926e-05,-0.0006020251312293112,-8.30853696243139e-06,-4.7026736865518615e-05,1.1629746950347908e-05,-0.0002544784510973841,-0.0001521956583019346,-0.00015064126637298614,-6.953666888875887e-05,3.9730370190227404e-05,3.6265850212657824e-05,4.177334631094709e-05,-5.991174475639127e-05,-8.117579454847146e-06,0.00015152034757193178,-0.0002747027319855988]
R13_S22 -84.75 169.25 -105.0004 -64.49979 149.3771 189.1229 29.69848 [-0.0036929298657923937,-0.0036929298657923937,-0.0018548915395513177,-0.00037484519998542964,0.0004046043613925576,2.79831760963134e-06,0.0006494730478152633,0.0006824106094427407,-0.002113304566591978,-0.0010483638616278768,-0.0020171343348920345,0.0003024828329216689,0.00010672609641915187,-5.732502177124843e-05,0.0006741552497260273,2.6868790882872418e-05,-0.0005126011674292386,0.00017978889809455723,-0.0005428148433566093,-0.0003966977819800377,-0.00046646996634081006,0.00010529895371291786,9.536372090224177e-06,-7.0156133915588725e-06,6.467894127126783e-05,5.690667967428453e-05,3.245456900913268e-05,8.063628047239035e-05,0.00020401297661010176]
R14_S00 -169.25 211.75 -189.4999 -148.9995 191.8772 231.6228 29.69848 [0.0025962863583117723,0.0025962863583117723,0.004723757039755583,0.002883259439840913,0.002141029806807637,-0.00021051251678727567,-0.0011146124452352524,-0.0002318278857273981,0.0007032690336927772,0.00017202271556016058,7.10014282958582e-05,0.0013315001269802451,-0.0008652900578454137,-0.0001254151138709858,0.0014255708083510399,0.00038042469532229006,0.00042018035310320556,-7.019160693744197e-05,0.0001554151385789737,-9.42266979109263e-06,0.00016428994422312826,0.00015631418500561267,0.00044395713484846056,1.5495039406232536e-05,-0.0004498601774685085,0.00012476497795432806,0.0004980140365660191,-0.0001390130491927266,-0.0003688692522700876]
R14_S01 -169.25 254.0 -189.1229 -149.3771 233.7498 274.2504 29.69848 [-0.0006704506231471896,-0.0006704506231471896,-0.004932889249175787,0.0024796288926154375,0.0003725560673046857,0.0007017410825937986,0.002456329297274351,0.0004927887348458171,-0.0032554450444877148,-0.00016489987319801003,-0.0034614382311701775,0.00034592539304867387,0.0013288311893120408,0.0004312186792958528,0.00043155744788236916,0.0008905978756956756,-0.000892987591214478,4.602359695127234e-05,-0.0009895769180729985,0.00012179209443274885,-0.0008642016910016537,0.0004027160466648638,0.0002634893753565848,0.00013283923908602446,0.0002499816764611751,0.00034666445571929216,0.0003189771668985486,0.00044536893256008625,0.0004318836145102978]
R14_S02 -169.25 296.25 -189.5002 -148.9996 276.3771 316.1224 29.69848 [-0.004328958690166473,-0.004328958690166473,0.0014635092811658978,-0.00435167970135808,-0.003614974906668067,0.004429064691066742,0.001895751105621457,-0.0017299533355981112,7.866402302170172e-05,-0.0011523619759827852,-0.0030356538482010365,-0.0009234336321242154,0.0010492709698155522,0.001436920720152557,7.769747753627598e-05,0.0006931240786798298,-5.6539451179560274e-05,-0.00036742727388627827,-0.00045384097029455006,-0.00010368357470724732,-0.0007053102599456906,-0.00019720714772120118,4.372952025732957e-05,0.00028524702065624297,0.00013175395724829286,0.00038288996438495815,5.903368582949042e-05,0.0005207007052376866,0.00022725398594047874]
R14_S10 -127.0 211.75 -146.8728 -107.0785 191.4997 232.0001 29.69848 [0.0003622414660640061,0.0003622414660640061,-0.005596252623945475,0.0016954010352492332,0.00026231424999423325,0.000372521230019629,0.0022692005150020123,0.00034725849400274456,-0.0035709550138562918,-0.00020772739662788808,-0.00371818570420146,0.00014198901772033423,0.0014742170460522175,0.0001693140948191285,0.0002585409674793482,0.00035291415406391025,-0.0010016192682087421,7.0326364038919564e-06,-0.0011507158633321524,2.2811951566836797e-05,-0.0013181716203689575,8.804017124930397e-05,0.00018911372171714902,5.6159802625188604e-05,0.0003283335827291012,0.00012692260497715324,0.0002300240594195202,0.0003915842971764505,0.0002756102185230702]
R14_S11 -127.0 254.0 -147.2502 -106.7498 233.9471 273.8729 29.69848 [0.0010311943478882313,0.0010311943478882313,-0.0023923006374388933,0.00017297841259278357,-0.0009529879316687584,-8.068967872532085e-06,-0.0007481579668819904,7.30182437109761e-05,-0.0007314234389923513,-0.00020266651699785143,-0.0009133868734352291,-0.0003269895969424397,-0.00020188104826956987,0.00012011054059257731,-0.0004906918620690703,0.00016961729852482677,-0.00014328602992463857,-0.00024268540437333286,-0.00017804079107008874,7.886222010711208e-05,-0.0004669435147661716,-0.00020814823801629245,6.653108721366152e-05,6.397574179572985e-05,0.00017476566426921636,8.223444456234574e-05,-5.409962341218488e-06,-7.550830923719332e-05,-1.729658106341958e-05]
R14_S12 -127.0 296.25 -146.8728 -107.1272 275.9998 316.5001 29.69848 [-0.006868676282465458,-0.006868676282465458,-0.003605991369113326,0.00011113067739643157,-0.00228254240937531,0.00010517589544178918,0.0003614505403675139,0.00037557349423877895,-0.0021025612950325012,-0.000709646672476083,-0.002041662810370326,-0.0010362312896177173,1.765673550835345e-05,0.0001559419179102406,-0.001715176971629262,0.0003219187492504716,-0.0006240347283892334,7.57148809498176e-05,-0.0006698314100503922,-0.00021582658519037068,-0.0005742391222156584,-0.00016621833492536098,-0.0001881347270682454,3.727868170244619e-05,7.250810449477285e-05,6.884546019136906e-05,-0.0005599009455181658,0.00011707038356689736,-0.00016334615065716207]
R14_S20 -84.75 211.75 -105.0004 -64.49983 191.8772 231.6228 29.69848 [0.0012350481702014804,0.0012350481702014804,-0.0019403097685426474,0.00032454179017804563,-0.00035074050538241863,0.00010245246085105464,0.0009176686871796846,0.0001774691481841728,-0.0020398376509547234,-0.0006419603596441448,-0.001790319220162928,-0.00032380802440457046,0.0005033345660194755,0.00014861399540677667,-0.0004428578831721097,8.04340306785889e-05,-0.0005149835487827659,-0.00013205924187786877,-0.0004956821794621646,-7.111574814189225e-05,-0.0006507106008939445,-0.00045465765288099647,-4.756268754135817e-05,3.746557922568172e-05,-6.841628419351764e-06,4.5443022827384993e-05,-6.838564877398312e-05,6.0001668316544965e-05,0.0001828153181122616]
R14_S21 -84.75 254.0 -104.6229 -64.50642 233.7501 274.2505 29.69848 [-0.0015401259297505021,-0.0015401259297505021,-0.0057082949206233025,-0.0008617289713583887,4.051988071296364e-05,-0.0009569684625603259,0.0006280602538026869,-9.233962191501632e-05,-0.003254847601056099,-0.0003249422588851303,-0.0033753106836229563,0.00036606568028219044,0.00020124035654589534,-0.000494047999382019,0.00042707216925919056,-0.0005157684208825231,-0.0009617043542675674,9.005247557070106e-05,-0.0010935825994238257,-0.00025374125107191503,-0.0008322233916260302,9.300197416450828e-05,5.771567521151155e-05,-0.0002151951630366966,0.00015406304737553,-0.0002064872533082962,2.8828391805291176e-05,-0.0005857872893102467,0.00036112891393713653]
R14_S22 -84.75 296.25 -105.0005 -64.50009 275.9878 316.1224 29.69848 [-0.0006306655704975128,-0.0006306655704975128,7.09497689967975e-05,0.000658797100186348,-0.0001984022237593308,-9.769093594513834e-05,0.0011163614690303802,-0.0004981772508472204,-0.001542901387438178,0.00018643173098098487,-0.0015450018690899014,-3.688528886414133e-05,0.0009191654971800745,-5.796818732051179e-05,-0.00014083311543799937,-0.000312440242851153,-0.00036824270500801504,-0.00028901066980324686,-0.00045532287913374603,0.00020106708689127117,-0.00033235218143090606,-0.00030181027250364423,0.00018343495321460068,-1.233655621035723e-05,9.726033749757335e-05,-5.530571434064768e-05,0.0001233840303029865,-0.000296900951070711,0.0003184563247486949]
R20_S00 -42.25 -296.25 -62.5 -21.99957 -316.1229 -276.3351 29.69848 [-0.0021957678254693747,-0.0021957678254693747,-0.0017517569940537214,0.002122820820659399,-0.004400892183184624,-0.0003985609801020473,-0.0030638137832283974,0.000980777433142066,-0.00011791602446464822,0.0011064703576266766,0.0019787887576967478,-0.0006000405410304666,-0.001361776958219707,-3.861100412905216e-05,0.0003735607024282217,-0.0003851961519103497,0.00046714022755622864,0.0001639627298573032,0.0008196585113182664,0.00013477186439558864,-1.2382056411297526e-05,-8.944200089899823e-05,0.0003833095252048224,-0.0004349134105723351,-0.0001785854110494256,-0.0001970705488929525,-0.0002945666201412678,-0.0015570962568745017,-0.00048735845484770834]
R20_S01 -42.25 -254.0 -62.493 -22.37713 -274.2503 -233.7498 29.69848 [-0.0013996614143252373,-0.0013996614143252373,-0.0004327390342950821,-2.176394082198385e-05,-0.0030564290937036276,0.000173785156221129,-0.0011315797455608845,-0.0005092236096970737,-0.0005973235238343477,0.0005695297732017934,0.001256846822798252,-0.0003119440225418657,0.0004021500062663108,-5.226235225563869e-05,0.0007061979849822819,-1.4910730897099711e-05,-4.17115370510146e-05,-0.0002981174911838025,0.00038224205491133034,4.887404429609887e-05,-0.0001041072973748669,-0.0006142428028397262,0.00013540645886678249,-7.602629921166226e-05,7.65490040066652e-05,-0.000513270846568048,-5.310972483130172e-05,0.00041402969509363174,-0.00024486647453159094]
R20_S02 -42.25 -211.75 -62.50025 -21.99964 -231.6229 -191.8771 29.69848 [-0.002663430292159319,-0.002663430292159319,-0.002187377540394664,0.00043524373904801905,-0.006651361472904682,0.00024137645959854126,-0.0037566868122667074,-0.0003483520995359868,0.000159940478624776,0.0004626449372153729,0.0011444854317232966,-0.0006135476869530976,-8.94008408067748e-05,-0.00018875979003496468,-0.0008793918532319367,-0.0005652109975926578,0.0008375327452085912,-0.00018390848708804697,0.0009594692965038121,0.00023463841353077441,-0.00016043634968809783,-0.0009419003617949784,0.0003684984112624079,-0.0001898155314847827,0.0002415087801637128,2.8044431019225158e-05,-0.00011823368549812585,-0.0008001492824405432,-0.0004375285061541945]
R20_S10 0.0 -296.25 -19.87287 19.87283 -316.4999 -275.9995 29.69848 [0.003034014953300357,0.003034014953300357,-0.0018555925926193595,-0.001085902564227581,-0.004398559685796499,3.470987576292828e-05,-0.0013782215537503362,-0.0009328723535872996,0.0006029729847796261,-0.00017272181867156178,0.0013547625858336687,-0.0004910238203592598,0.0004003755748271942,-1.4088914213061798e-05,0.00022501102648675442,-0.0005642524338327348,0.00040924272616393864,-0.0003012505476363003,0.0005091295461170375,9.616149327484891e-05,-0.00035896486951969564,-0.001016804832033813,0.00024876653333194554,0.00013070664135739207,0.00034667085856199265,0.0002724588557612151,-0.00010342668974772096,-0.0006089080707170069,-0.0010034729493781924]
R20_S11 0.0 -254.0 -20.25031 20.25014 -273.8728 -234.1272 29.69848 [-0.002660272642970085,-0.002660272642970085,-0.006568673066794872,0.0006011943332850933,-0.005823485087603331,-0.0010123085230588913,-0.0010842683259397745,-1.035717377817491e-05,-0.0012939232401549816,-0.0002228198281954974,-0.0006425314350053668,3.523580517139635e-06,0.0011825165711343288,-9.113897249335423e-05,0.0006020460859872401,-0.0001363054325338453,3.971709156758152e-05,-4.6385863242903724e-05,1.8171935153077357e-05,-9.017997945193201e-05,-0.0008021919056773186,-0.0009222899680025876,0.00023398878693114966,9.618708281777799e-05,0.00016710034105926752,0.0004824587085749954,-0.00020704067719634622,-0.000726519210729748,-0.00014251646643970162]
R20_S12 0.0 -211.75 -20.05721 19.8729 -232.0004 -191.4998 29.69848 [-0.00019752794469241053,-0.00019752794469241053,-0.0020483038388192654,0.0005287901149131358,-0.003860403783619404,-0.0006520642782561481,0.00018703448586165905,0.0005949385813437402,-0.0007959204376675189,0.0001998280204134062,0.0008122720755636692,-0.0006172155262902379,0.0003527005610521883,0.0001654958032304421,0.000556444691028446,-0.0007436790037900209,-0.0001780677994247526,0.00024134005070663989,0.0005576261319220066,-5.473810961120762e-05,-0.0006904446636326611,0.00013952884182799608,-2.6975698347087018e-05,5.3406231018016115e-05,0.0001595646026544273,-0.00037800584686920047,0.00014973932411521673,-0.0004388220841065049,-0.0006070816889405251]
R20_S20 42.25 -296.25 22.00006 62.50049 -316.1229 -276.3772 29.69848 [-0.00010532448504818603,-0.00010532448504818603,-0.000678046140819788,-0.0003222282975912094,-0.0013915773015469313,-0.0004522097879089415,-0.0014931035693734884,-0.0005128110060468316,0.0009361536358483136,0.0012729890877380967,0.000814703875221312,0.0006192004657350481,-0.0006266491836868227,1.9800219888566062e-05,0.0012651685392484069,0.000964926031883806,0.0003252393507864326,-0.00022063184587750584,0.0002490272745490074,0.00027711535221897066,-0.0004391335241962224,0.00031704301363788545,0.00021007865143474191,1.2536734175228048e-05,-9.341510303784162e-05,0.0002834794286172837,-0.0001950983569258824,-0.00010404362546978518,-0.0008314003353007138]
