data/fp_height_map.ecsv
# %ECSV 1.0
# ---
# datatype:
# - {name: DET_NAME, datatype: string}
# - {name: ORIGIN_X, unit: mm, datatype: float64, description: X_CCS coordinate of Zernike function origin}
# - {name: ORIGIN_Y, unit: mm, datatype: float64, description: Y_CCS coordinate of Zernike function origin}
# - {name: MIN_X, unit: mm, datatype: float64, description: Minimum X_CCS coordinate of sensor}
# - {name: MAX_X, unit: mm, datatype: float64, description: Maximum X_CCS coordinate of sensor}
# - {name: MIN_Y, unit: mm, datatype: float64, description: Minimum Y_CCS coordinate of sensor}
# - {name: MAX_Y, unit: mm, datatype: float64, description: Maximum Y_CCS coordinate of sensor}
# - {name: R_OUTER, unit: mm, datatype: float64, description: Circular Zernike radius}
# - {name: ZK, unit: mm, datatype: string, description: 'Circular Zernike coefficient starting at j=0.  I.e., ZK[0] is meaningless, ZK[1]
#     is piston, ZK[4] is focus, ...', subtype: 'float64[29]'}
# meta: !!omap
# - {description: 'Values from Document-37242, cold_a_BOT_metro_cold_L3flat_200805a_full_55_200807001609 dataset.'}
# schema: astropy-2.0
DET_NAME ORIGIN_X ORIGIN_Y MIN_X MAX_X MIN_Y MAX_Y R_OUTER ZK
[from data line 88]
R20_S22 42.25 -211.75 21.9998 62.50042 -231.6229 -191.8771 29.69848 [-0.0027787198778241873,-0.0027787198778241873,-0.0058951182290911674,-0.0008277380838990211,-0.005966367665678263,0.00021016049140598625,-0.004737936891615391,-0.0005246168002486229,-0.0010928643168881536,0.00048691712436266243,-0.0010512383887544274,-0.0003440864384174347,-0.00031242502154782414,0.0004737265990115702,-0.00023699803568888456,-0.0004324045730754733,0.0002944047446362674,-0.00029833606095053256,0.0001631848863326013,0.0001376731088384986,-0.0004665074811782688,0.00039089570054784417,0.00029084912966936827,6.037331331754103e-05,0.00021967575594317168,0.00013857529847882688,0.00016514894377905875,0.0006608856492675841,-0.00035474778269417584]
R21_S00 -42.25 -169.25 -62.50029 -21.99969 -189.1229 -149.3771 29.69848 [-0.006965829059481621,-0.006965829059481621,-0.0029868995770812035,0.0030381986871361732,-0.0012277323985472322,0.0001197878664243035,9.23623374546878e-05,-0.00023022924142424017,-0.0012532920809462667,0.0002677974698599428,-0.0013271728530526161,-0.0006206340040080249,5.518760735867545e-05,0.00010588705481495708,-0.0007309538195841014,-0.00018214942247141153,-0.0003760363906621933,-0.00027800220414064825,-0.0004822448827326298,0.0002750732528511435,-0.00048044099821709096,-0.0002318031620234251,-2.7299203793518245e-05,9.184595342048851e-07,1.3250330994196702e-05,-8.654520206619054e-05,-2.2966694814385846e-05,2.7263735319138505e-05,9.395073720952496e-05]
R21_S01 -42.25 -127.0 -62.12287 -22.37711 -147.2501 -106.7497 29.69848 [-0.00042381981620565057,-0.00042381981620565057,-0.0032384449150413275,0.0015226243995130062,-0.0013545198598876595,-0.00010944095265585929,-0.00033419847022742033,0.00020736290025524795,-0.0021546599455177784,-0.00016179869999177754,-0.002462787786498666,-0.00037834513932466507,-5.06401283928426e-06,5.0072943849954754e-05,-0.0006768749444745481,-0.00011866186105180532,-0.0006096676224842668,9.726976713864133e-05,-0.0006948887021280825,-0.0001537458592792973,-0.0005273424903862178,0.00014085762086324394,8.303731738124043e-05,-3.087729783146642e-05,0.00012394410441629589,-9.833021613303572e-05,3.880000440403819e-05,7.798519800417125e-05,-0.00016853514534886926]
R21_S02 -42.25 -84.75 -62.50037 -21.99993 -104.6229 -64.87711 29.69848 [0.0025639450177550316,0.0025639450177550316,-0.0014259584713727236,0.0018431538483127952,-0.0004935700562782586,0.000852334953378886,-0.0005586168263107538,0.0006918910075910389,-0.001198563608340919,-0.0009654528112150729,-0.0015373257920145988,-0.00036465871380642056,-7.628311141161248e-05,0.0006469999789260328,-0.0006254002801142633,0.0014200524892657995,-0.00025971216382458806,0.0003946756187360734,-0.0004868248070124537,-0.00041971603059209883,-0.00010359437874285504,0.0003456451231613755,0.00010361186286900192,0.00012954720295965672,-0.0001419938198523596,0.0004553605685941875,5.5265358241740614e-05,0.001020961208269,-1.1513070603541564e-06]
R21_S10 0.0 -169.25 -20.24314 20.045 -189.5004 -148.9998 29.69848 [0.0006698070792481303,0.0006698070792481303,-0.00015429967606905848,0.0007187961018644273,-0.000866784539539367,-0.00015181500930339098,-0.0007873064605519176,0.0008597936248406768,-0.0004706915933638811,-0.0009628509869799018,-0.000777019711676985,7.862047823437024e-06,-0.0006078651058487594,-6.155264418339357e-05,-0.00040322300628758967,7.168801676016301e-05,-8.659757440909743e-06,0.0002823101822286844,-3.8024052628315985e-05,-0.0002958711120299995,-0.00011613221431616694,0.00026389260892756283,9.480534208705649e-05,-3.521209873724729e-05,-0.00011391784937586635,2.949707595689688e-05,-1.3432721061690245e-05,-5.742923531215638e-05,-0.00015291388262994587]
R21_S11 0.0 -127.0 -20.25002 20.25043 -146.8729 -107.127 29.69848 [0.002183196134865284,0.002183196134865284,-0.0021455674432218075,0.002889645518735051,0.00019040299230255187,-0.00032987812301144004,0.000776607368607074,0.00035469458089210093,-0.0017274832352995872,-0.00019867155060637742,-0.0018471053335815668,-7.6169321800989565e-06,0.0006394311203621328,-0.00023172999499365687,-8.185081969713792e-05,0.0002606803609523922,-0.0004400696780066937,0.0001861444761743769,-0.0005899003590457141,-4.365613858681172e-05,-0.0002676598960533738,0.0003386596799828112,1.1639162948995363e-05,-3.32146737491712e-05,8.920034451875836e-05,0.0001698667329037562,7.106810517143458e-05,-0.00015844851441215724,2.114028757205233e-05]
R21_S12 0.0 -84.75 -19.87284 19.87285 -105.0004 -64.49975 29.69848 [0.00203632446937263,0.00203632446937263,0.0014489688910543919,0.0038994073402136564,4.6633063902845606e-05,-2.8115371605963446e-05,-0.0031367470510303974,0.00023239916481543332,-0.0008185961050912738,-0.00016464268264826387,-0.0006975066498853266,0.00044191829510964453,-0.0020294806454330683,6.262043825699948e-06,0.00039315925096161664,0.000363667932106182,-0.00021919071150477976,-0.00011577466648304835,-0.00019181221432518214,7.357148570008576e-05,-0.00030772198806516826,-0.00012941710883751512,0.00041924460674636066,-6.431595829781145e-05,-0.0009045751066878438,0.0001904343080241233,0.0005174521938897669,3.4516958749009063e-06,-0.000986876548267901]
R21_S20 42.25 -169.25 21.99976 62.50037 -189.1229 -149.2924 29.69848 [-0.0028745003510266542,-0.0028745003510266542,-0.002109555760398507,0.0016237226082012057,-0.0008469782769680023,-0.000232499951380305,3.770157491089776e-05,0.00023703541955910623,-0.0027724923565983772,-0.0005524171283468604,-0.0029093811754137278,-0.00038218055851757526,-0.00020080036483705044,-0.00018735889170784503,-0.0008413377800025046,-0.00014809719868935645,-0.0007759267464280128,-0.00012884037278126925,-0.0009588524699211121,2.2440392058342695e-05,-0.0008822598611004651,-5.587286523223156e-06,3.960872709285468e-05,-9.714383486425504e-05,-0.00014651096716988832,-6.588204996660352e-05,-0.0001353655243292451,-0.0001545586419524625,-0.0003108626406174153]
R21_S21 42.25 -127.0 22.00622 62.12288 -147.2505 -106.75 29.69848 [0.001630905899219215,0.001630905899219215,-0.004751361440867186,-0.003587577026337385,-0.0008083141874521971,1.1112844731542282e-05,0.0017692316323518753,0.0005353586166165769,-0.0035186191089451313,-0.0005381936207413673,-0.0037652156315743923,-0.00048028776654973626,0.0013627124717459083,1.556096503918525e-05,-0.0008808383136056364,0.0003384482115507126,-0.0010589065495878458,3.2637824915582314e-05,-0.001195159275084734,-7.94455481809564e-05,-0.0011138784466311336,-6.5819253904919606e-06,-7.110398291843012e-05,5.375071123125963e-05,0.0004797574947588146,4.3227573769399896e-05,-0.00021988202934153378,3.672027014545165e-05,0.00022250370238907635]
R21_S22 42.25 -84.75 21.99968 62.50013 -104.6229 -64.87711 29.69848 [0.0036541239824146032,0.0036541239824146032,0.0006264881230890751,0.0020689924713224173,-0.0011822760570794344,-9.565729851601645e-05,-0.00020835534087382257,0.0007739913417026401,-0.0013758476125076413,-0.0009443803573958576,-0.001443040557205677,-0.0005349155399017036,-0.00020125682931393385,3.0577713914681226e-05,-0.0008887369185686111,-0.000495206331834197,-0.000317924830596894,0.00012602472270373255,-0.0003745461581274867,-0.00019647416775114834,-0.0005796667537651956,0.00011362024088157341,0.00010013235441874713,3.468398790573701e-05,-5.1703273129533045e-06,-0.00012186852836748585,-3.668300632853061e-05,-8.234683264163323e-07,-0.00027351567405276]
R22_S00 -42.25 -42.25 -62.50042 -21.99997 -62.12284 -22.37714 29.69848 [-0.0011973403161391616,-0.0011973403161391616,-0.004395421128720045,-0.0009770322358235717,-0.0011874525807797909,-0.00020735064754262567,-0.0006458813440985978,0.0006576703162863851,-0.0020568023901432753,-0.0010619370732456446,-0.002428912790492177,-0.0007060088100843132,-0.00015116269059944898,-8.72430027811788e-05,-0.0008337778272107244,-0.0005276918527670205,-0.0005234696436673403,0.00020201368897687644,-0.0007433169521391392,-0.0004603397683240473,-0.000462908239569515,-0.000105187704320997,2.5128614652203396e-05,-2.863458576030098e-05,-6.915738777024671e-05,-0.00017553646466694772,6.458332063630223e-05,-0.00020439380023162812,-1.301644260820467e-05]
R22_S01 -42.25 0.0 -62.12284 -22.37714 -20.25005 20.25039 29.69848 [-0.0012939849402755499,-0.0012939849402755499,-0.001973305596038699,-0.00036427617305889726,-0.00014651447418145835,0.00011782487126765773,0.0038327062502503395,-0.0001190223847515881,-0.002120203571394086,5.6951219448819757e-05,-0.0022025955840945244,-0.00013586829300038517,0.0023152788635343313,0.000248628988629207,6.0091693740105256e-05,0.00044586751027964056,-0.0005939287948422134,-0.0003011993248946965,-0.0007106254925020039,0.00031987327383831143,-0.0006768020102754235,-0.0003546841908246279,8.023882401175797e-06,6.319774547591805e-05,0.0005920081166550517,0.00012456963304430246,0.0001763892942108214,8.470640750601888e-05,0.000608526635915041]
R22_S02 -42.25 42.25 -62.50008 -21.99964 22.37715 62.12284 29.69848 [-0.0023884063120931387,-0.0023884063120931387,-0.005079308524727821,-0.0002757104521151632,0.00041706219781190157,0.0005550868809223175,0.0019925013184547424,-0.000504057970829308,-0.0013565896078944206,0.0002471420739311725,-0.0015335697680711746,0.00021758023649454117,0.001098388573154807,0.00031568523263558745,9.792796481633559e-05,0.0004199351533316076,-0.0004180521937087178,-0.00017171131912618876,-0.00042962166480720043,0.00017159219714812934,-0.00010811504034791142,-0.0002549326163716614,9.976040746551007e-05,8.687368972459808e-05,0.0002146898623323068,0.0001246975443791598,5.663213596562855e-05,0.0003474042168818414,-5.9940310165984556e-05]
R22_S10 0.0 -42.25 -20.26278 19.87288 -62.50033 -21.99972 29.69848 [0.000630812777671963,0.000630812777671963,-0.0032414819579571486,0.0009120528120547533,-0.0008083090069703758,-0.0006790837505832314,0.0013790291268378496,0.00045044830767437816,-0.002635137876495719,-0.0008409363799728453,-0.002771552884951234,-0.000385286781238392,0.0008402339299209416,-0.00044311233796179295,-0.0005973723600618541,-0.0004761463205795735,-0.0007038968033157289,8.574694948038086e-05,-0.0008914973004721105,-0.0002864847192540765,-0.0004905544919893146,-2.7491971195559017e-05,7.264092710101977e-05,-0.00010676223610062152,0.00012475055700633675,-0.00016432776465080678,-4.6758876237618097e-07,-0.0005624762270599604,0.00012519546726252884]
R22_S11 0.0 0.0 -20.25031 20.2503 -19.87289 19.87287 29.69848 [-0.004707746673375368,-0.004707746673375368,-0.005107702687382698,0.002151110442355275,0.00035713447141461074,-0.000181187700945884,0.0011210963129997253,0.0015102587640285492,-0.003363101277500391,-0.0015258697094395757,-0.003250082954764366,-4.84097508888226e-05,0.000610652903560549,-0.00010698426922317594,0.0004560261149890721,-0.000167869045981206,-0.0010063685476779938,0.0006213802844285965,-0.0009967944351956248,-0.000662179256323725,-0.0012305551208555698,0.0007140940288081765,3.368015768501209e-07,-7.063851171551505e-06,0.00016140703519340605,-8.182283636415377e-05,0.00025781162548810244,-0.00018656022439245135,9.539858729112893e-05]
R22_S12 0.0 42.25 -19.87287 19.87288 21.99972 62.50033 29.69848 [-0.007984061725437641,-0.007984061725437641,-0.0031880198512226343,0.0015310511225834489,-9.530673560220748e-05,3.9385409763781354e-05,0.0030547622591257095,6.209933781065047e-05,-0.0033641878981143236,-0.00015273882308974862,-0.003426463110372424,-0.00014926811854820698,0.0020279432646930218,0.000137427807203494,-0.0002184629556722939,-0.0003714557969942689,-0.0009854446398094296,6.106540968175977e-05,-0.0009946210775524378,-4.1947714635170996e-05,-0.0011623228201642632,-7.38359012757428e-05,0.00013668213796336204,4.925881148665212e-05,0.0005243508494459093,-0.00017495476640760899,0.00013418869639281183,-5.572850932367146e-05,0.0004445997765287757]
R22_S20 42.25 -42.25 21.99968 62.50008 -62.12284 -22.19772 29.69848 [-0.003307482460513711,-0.003307482460513711,-0.004417069256305695,0.0031612347811460495,-0.0010551705490797758,0.00020454714831430465,-0.002138208830729127,0.0002922505373135209,-0.0025921761989593506,-0.00012892798986285925,-0.002705764025449753,-0.0005736802704632282,-0.0010944181121885777,0.0001746113848639652,-0.001031198538839817,0.0002283124631503597,-0.0007370829116553068,4.910330972052179e-06,-0.0008626504568383098,8.798638009466231e-05,-0.0008713992428965867,4.0461643948219717e-05,2.2505822926177643e-05,-3.7277195588103496e-06,-0.00048424897249788046,0.00014757139433640987,-2.648743611644022e-05,0.0002083696163026616,-0.0004079287755303085]
R22_S21 42.25 0.0 21.98785 62.12285 -20.25035 20.25005 29.69848 [-0.0008204641635529697,-0.0008204641635529697,-0.001959828892722726,0.0008409300935454667,-0.00033933017402887344,6.131002737674862e-05,0.0024159401655197144,0.000686132931150496,-0.002295475685968995,-0.0008493221830576658,-0.0018812485504895449,8.436627103947103e-05,0.0015728219877928495,0.0001029017148539424,-1.9224959032726474e-05,-0.0005386715638451278,-0.0006315624923445284,0.00023607588082086295,-0.0005615067202597857,-0.00031138217309489846,-0.0007987148128449917,-8.769177657086402e-05,0.00024777138605713844,4.859736009166227e-07,0.0005772577715106308,-0.0002392962051089853,0.00019005892681889236,-8.081855776254088e-05,8.89233488123864e-05]
R22_S22 42.25 42.25 21.99997 62.50042 22.37714 62.12278 29.69848 [-0.008013110607862473,-0.008013110607862473,-0.00141152401920408,0.0018513074610382318,-0.0005045111174695194,-0.00018758153601083905,-0.00019605271518230438,-9.116208821069449e-05,-0.0003914840053766966,0.00023010579752735794,-0.00042587827192619443,-4.3068972445325926e-05,-0.00011120129056507722,-0.0001038142727338709,-0.0002472905907779932,4.9723304982762784e-05,0.00015837876708246768,-0.0001034428714774549,0.0001862445642473176,0.00026275284471921623,-0.00022009911481291056,-0.00012180870544398203,-3.4188342397101223e-06,6.682854291284457e-05,7.328385981963947e-05,8.522145435563289e-06,1.2626911484403536e-05,-0.00011329177505103871,-0.0002663069753907621]
R23_S00 -42.25 84.75 -62.50012 -21.99968 64.87711 104.6229 29.69848 [0.001898268354125321,0.001898268354125321,-0.003983772359788418,-0.0001845062943175435,0.0001376190921291709,0.0001372343540424481,0.002221903996542096,-0.00014394127356354147,-0.0024711901787668467,0.00027708883862942457,-0.002739905845373869,0.0003322694974485785,0.0009175618179142475,1.7532272977405228e-05,0.0003609119448810816,-0.00011615802213782445,-0.0006505645578727126,-0.0002704942598938942,-0.0008137071854434907,0.0003914957051165402,-0.0008912741323001683,-0.0004088017449248582,0.00018152251141145825,-6.383621075656265e-05,0.0002202038886025548,-5.771910582552664e-05,0.00016322420560754836,0.0005353972082957625,0.00017405583639629185]
R23_S01 -42.25 127.0 -62.12288 -22.37712 106.75 147.2505 29.69848 [-0.0016719498671591282,-0.0016719498671591282,-0.005450344178825617,0.0005398621433414519,0.00019108611741103232,0.000588158902246505,0.0022485374938696623,0.001011061598546803,-0.0030396729707717896,-0.0008216892601922154,-0.0031179883517324924,9.410806524101645e-05,0.0014374909223988652,0.00048110392526723444,3.894507244694978e-05,0.0010396025609225035,-0.000829629716463387,0.0003663605311885476,-0.0009018802084028721,-0.0003518075100146234,-0.0010703408624976873,0.0004732425732072443,3.575896244001342e-06,0.00016276830865535885,0.00038912351010367274,0.00035602450952865183,1.4714567441842519e-05,0.0005141488509252667,0.00017170743376482278]
