data/fp_height_map.ecsv
# %ECSV 1.0
# ---
# datatype:
# - {name: DET_NAME, datatype: string}
# - {name: ORIGIN_X, unit: mm, datatype: float64, description: X_CCS coordinate of Zernike function origin}
# - {name: ORIGIN_Y, unit: mm, datatype: float64, description: Y_CCS coordinate of Zernike function origin}
# - {name: MIN_X, unit: mm, datatype: float64, description: Minimum X_CCS coordinate of sensor}
# - {name: MAX_X, unit: mm, datatype: float64, description: Maximum X_CCS coordinate of sensor}
# - {name: MIN_Y, unit: mm, datatype: float64, description: Minimum Y_CCS coordinate of sensor}
# - {name: MAX_Y, unit: mm, datatype: float64, description: Maximum Y_CCS coordinate of sensor}
# - {name: R_OUTER, unit: mm, datatype: float64, description: Circular Zernike radius}
# - {name: ZK, unit: mm, datatype: string, description: 'Circular Zernike coefficient starting at j=0.  I.e., ZK[0] is meaningless, ZK[1]
#     is piston, ZK[4] is focus, ...', subtype: 'float64[29]'}
# meta: !!omap
# - {description: 'Values from Document-37242, cold_a_BOT_metro_cold_L3flat_200805a_full_55_200807001609 dataset.'}
# schema: astropy-2.0
DET_NAME ORIGIN_X ORIGIN_Y MIN_X MAX_X MIN_Y MAX_Y R_OUTER ZK
[from data line 154]
R33_S02 84.75 169.25 64.49971 105.0003 149.3771 189.1229 29.69848 [-0.003508238820359111,-0.003508238820359111,-0.0028320716228336096,0.0006002405425533652,-3.6585242924047634e-05,-0.000279841449810192,0.0015540833119302988,0.0001901947834994644,-0.001818310935050249,-0.00036521482979878783,-0.002177074085921049,-0.0001226192689500749,0.0010531435254961252,-0.00013404458877630532,-7.389162783510983e-05,-8.794276072876528e-05,-0.0004450658743735403,0.00012740599049720913,-0.0005974957603029907,-9.586499800207093e-05,-0.0006456495029851794,4.912266376777552e-05,3.779158214456402e-05,-0.00011870816524606198,9.526492794975638e-05,7.862563506932929e-05,0.00011774841550504789,-0.00013638235395774245,0.0001823471684474498]
R33_S10 127.0 84.75 106.7373 146.8729 64.50005 105.0005 29.69848 [0.002006770111620426,0.002006770111620426,-0.004609973169863224,0.0009344823774881661,-0.00024452400975860655,-0.000740830902941525,0.0014373303856700659,0.00067569175735116,-0.0021058800630271435,-0.0005761024658568203,-0.0024612899869680405,4.6693407057318836e-05,0.0007988933939486742,-0.0002998091222252697,8.528884063707665e-05,-0.00043273501796647906,-0.0004805326752830297,0.0001194477517856285,-0.0005917484522797167,-0.0001070913567673415,-0.0006887695635668933,0.0002843489055521786,0.00011939052637899294,-4.060438368469477e-05,0.0001951542217284441,-6.285221024882048e-05,0.00016574066830798984,-0.00048673193668946624,-1.604984026926104e-05]
R33_S11 127.0 127.0 106.7497 147.2501 107.1272 146.8729 29.69848 [0.007369907107204199,0.007369907107204199,-0.0008368130074813962,0.0030726799741387367,0.0007883841171860695,0.00033844338031485677,0.0020655326079577208,-0.00010429256508359686,-0.0027802290860563517,0.00018140586325898767,-0.002873788122087717,0.0004582336114253849,0.0013557887868955731,0.0002891540643759072,0.0005203629843890667,-0.0001892606815090403,-0.0007709069759584963,-3.911290332325734e-05,-0.0008477240917272866,0.00017152688815258443,-0.0010130435694009066,-4.343603359302506e-05,0.00010458281758474186,0.0001293205568799749,0.0004626983718480915,-1.85323333425913e-05,6.099865277064964e-05,0.0002598795108497143,0.00022232321498449892]
R33_S12 127.0 169.25 107.1271 146.8729 149.0001 189.5001 29.69848 [-0.001292540691792965,-0.001292540691792965,-0.006251783575862646,0.0007207033922895789,-0.0013842100743204355,0.0001536370109533891,-0.002715849783271551,0.0006715030176565051,-0.0030774290207773447,-0.000322210427839309,-0.0034424990881234407,-0.000388229702366516,-0.0015495484694838524,0.00020438621868379414,-0.0008084984729066491,0.0006027808412909508,-0.0008540340350009501,0.0002212570543633774,-0.000993523863144219,-8.802790398476645e-05,-0.0009464105824008584,0.00039783286047168076,0.00018338988593313843,5.052535925642587e-05,-0.00038643201696686447,0.0001937413908308372,5.649351078318432e-05,0.0002299992338521406,-0.0003567953244782984]
R33_S20 169.25 84.75 149.0 189.5005 64.87715 104.6805 29.69848 [0.001195883727632463,0.001195883727632463,-0.0033530122600495815,0.0027704089879989624,-0.0012167786480858922,6.099465099396184e-05,-0.0037087202072143555,0.0021098305005580187,-0.0021466901525855064,-0.0017224412877112627,-0.0019003471825271845,-0.00028544318047352135,-0.0023000999353826046,0.0001501514489063993,-0.0002890452742576599,0.0001974294427782297,-0.0005283780628815293,0.000866126618348062,-0.00045773881720378995,-0.0007123469258658588,-0.0008181469747796655,0.0011570440838113427,-2.6256655473844148e-05,8.3396393165458e-05,-0.0005600593867711723,6.942958862055093e-05,1.0522400771151297e-05,4.105158586753532e-05,-0.0007217974634841084]
R33_S21 169.25 127.0 149.3418 189.1229 106.7498 147.2504 29.69848 [0.0022748804185539484,0.0022748804185539484,-0.0006271785823628306,0.00013738452980760485,-0.001170607516542077,-0.0003007604100275785,-0.00016297990805469453,-0.00028194658807478845,-4.8189813242061064e-05,-0.00011648595682345331,1.3185579518903978e-05,-0.0005378900095820427,3.7021843581896974e-06,-0.00012061942834407091,-0.0009101892355829477,-0.0006834357045590878,0.00019032382988370955,-0.00018616850138641894,0.0002230456448160112,1.1002457540598698e-05,-0.00040701733087189496,-0.00038664619205519557,-2.9504621124942787e-05,-2.806882548611611e-05,4.8625988711137325e-05,-0.0001701146102277562,-8.24234084575437e-05,-0.00025167674175463617,-0.0001201263366965577]
R33_S22 169.25 169.25 148.9998 189.5004 149.3771 189.2392 29.69848 [0.0010822757612913847,0.0010822757612913847,-0.0015032080700621009,0.0011321312049403787,-0.0004205743025522679,0.00026843135128729045,0.00010418216697871685,2.3032784156384878e-05,-0.0027974906843155622,0.0001381793263135478,-0.0027206477243453264,-0.00016816244169604033,0.0004741027078125626,6.930556264705956e-05,-0.00027756323106586933,0.0006826831377111375,-0.0007416679291054606,0.00011334483133396134,-0.0008899838430806994,-0.00011514739890117198,-0.0010108475107699633,0.0001440560445189476,2.8802198812627466e-06,-7.775491212669294e-06,0.00014062940317671746,0.0002618690486997366,-4.0041817555902526e-05,-7.07486760802567e-05,-4.304870526539162e-05]
R34_S00 84.75 211.75 64.49966 105.0003 191.8771 231.6229 29.69848 [0.001961437752470374,0.001961437752470374,-0.005924415308982134,-0.00037177075864747167,4.1766284994082525e-05,0.000765118224080652,0.0010785949416458607,0.0009403805015608668,-0.003363443771377206,-0.0005728976102545857,-0.003407829673960805,0.0003260995727032423,0.0006476944545283914,0.0005121951689943671,0.0002588228671811521,0.000828032149001956,-0.000849589763674885,0.00021361498511396348,-0.0009550387621857226,-8.31445213407278e-05,-0.0011989856138825417,0.0004992057802155614,0.00021911536168772727,0.0002318871847819537,0.00019540934590622783,0.00025670198374427855,0.0001335289707640186,0.0006222634110599756,0.00017860450316220522]
R34_S01 84.75 254.0 64.8771 104.6229 233.7498 274.2503 29.69848 [0.00044395867735147476,0.00044395867735147476,-0.008307324722409248,0.0009244850953109562,3.402846778044477e-05,0.00018452385847922415,0.0004755453846883029,0.000686745741404593,-0.005025219637900591,-0.0006291746394708753,-0.00538617605343461,0.00025299564003944397,0.0004931882140226662,0.00031754342489875853,0.00033812152105383575,0.0009252733434550464,-0.0014311885461211205,9.764749120222405e-05,-0.001713631208986044,-0.0001199113903567195,-0.0015397192910313606,0.00018587424710858613,0.00026167393662035465,0.00011740902118617669,0.000312655174639076,0.0002945756132248789,0.00028820204897783697,9.91321139736101e-05,0.00016756380500737578]
R34_S02 84.75 296.25 64.4996 105.0 276.3772 316.1224 29.69848 [0.0003149592666886747,0.0003149592666886747,-0.0061632608994841576,-0.0028572161681950092,0.001088721794076264,1.4832223314442672e-05,0.00270897732116282,-0.0003733406774699688,-0.0024188924580812454,0.0004259224806446582,-0.0026550765614956617,0.0006950175738893449,0.0015720315277576447,-7.9745652328711e-05,0.0011373574379831553,6.312692130450159e-05,-0.0005727264797315001,-9.085594501812011e-05,-0.0007500331848859787,0.00011940157855860889,-0.0006969021051190794,-0.00020219934231135994,0.00029366067610681057,-9.636569302529097e-05,0.000245937320869416,1.9608267393778078e-05,0.0004601172113325447,0.0001648562611080706,0.000180233852006495]
R34_S10 127.0 211.75 107.1271 146.8729 191.4995 232.0002 29.69848 [-0.0023981023114174604,-0.0023981023114174604,-0.0008036696235649288,0.001517070340923965,-0.0006699551013298333,-4.756309135700576e-05,0.001591116189956665,0.00029169520712457597,-0.002386721782386303,-3.324907447677106e-05,-0.002378191100433469,3.6661171179730445e-05,0.0008591758087277412,3.829521301668137e-05,9.551123366691172e-05,2.883166234823875e-05,-0.0007104746182449162,0.00014582471339963377,-0.0007602190016768873,-9.15068230824545e-05,-0.0007919952040538192,0.0005264845676720142,4.027543582196813e-06,4.061638901475817e-05,0.0002874112396966666,-2.3081322069629095e-05,6.220621435204521e-05,0.0001052613151841797,9.004188177641481e-05]
R34_S11 127.0 254.0 106.75 147.2504 234.1271 273.8729 29.69848 [-0.0005642459727823734,-0.0005642459727823734,-0.003343648510053754,-0.0001006634920486249,-0.0022571010049432516,-0.00037615574547089636,-0.004956895485520363,-8.703075582161546e-05,-0.0030546151101589203,-0.0002893687051255256,-0.003319012001156807,-0.0012120978208258748,-0.003111132187768817,-0.0001316564594162628,-0.0016566917765885592,-2.926186607510317e-05,-0.0007189422030933201,-0.00020494680211413652,-0.0009087463840842247,3.265090344939381e-05,-0.0011936802184209228,-0.0002759163035079837,-0.00028862382168881595,-5.330856947693974e-05,-0.000952123140450567,9.814329615664974e-08,-0.00034960874472744763,-0.00023669880465604365,-0.0007989939185790718]
R34_S12 127.0 296.25 107.1271 146.8729 275.9996 316.5001 29.69848 [-0.0030007294844835997,-0.0030007294844835997,-0.0008291861158795655,-2.492932935638237e-06,-0.0014633466489613056,-0.0004383677733130753,-0.000582815904635936,0.000419601215980947,-0.002112539019435644,-0.0004487145633902401,-0.0016648134915158153,-0.0006246494012884796,-0.0001143636618508026,4.893658115179278e-05,-0.001004521269351244,0.0004698166449088603,-0.0005860636010766029,0.0001630505867069587,-0.000435791997006163,-0.00019192519539501518,-0.0009874850511550903,0.0003431178629398346,2.6345867809141055e-05,-1.85370518011041e-05,-0.00016937823966145515,0.00021157316223252565,-3.2808395189931616e-05,2.9289472877280787e-05,9.480266453465447e-05]
R34_S20 169.25 211.75 148.9997 189.5004 191.8772 231.8176 29.69848 [0.0007845457876101136,0.0007845457876101136,-0.0028276366647332907,0.0012309789890423417,0.0004397704906295985,-0.00044515333138406277,0.0011837879428640008,0.000843802175950259,-0.00259052193723619,-0.0011513206409290433,-0.0028017363511025906,0.00018079421715810895,0.0009431305807083845,-0.0002970029308926314,0.0001409369142493233,0.0001483010855736211,-0.0006246279808692634,0.00041155042708851397,-0.0008499192190356553,-0.0005773924058303237,-0.0008714867290109396,0.0003694983315654099,0.00011086240556323901,-0.00010834322893060744,0.0003129168471787125,6.114926236477913e-06,-1.1719016583811026e-05,-0.0006052323151379824,6.692935130558908e-05]
R34_S21 169.25 254.0 149.3772 189.1228 233.7495 274.2499 29.69848 [-0.0033481561113148928,-0.0033481561113148928,0.0007988220895640552,0.00011888569133589044,-0.0008806574041955173,2.9097393053234555e-05,-0.00036466700839810073,-0.00011458340304670855,-0.0015124601777642965,-0.0001885488018160686,-0.0017234364058822393,-0.0003461805754341185,-8.508600876666605e-05,-0.00012173016148153692,-0.0007700245478190482,0.0003725916612893343,-0.0002875142963603139,-5.583867459790781e-05,-0.00042829339508898556,-0.00010852233390323818,-0.0005504651344381273,-6.0454280173871666e-05,0.00010885216033784673,-6.656988989561796e-05,6.927600770723075e-05,0.00017659220611676574,-2.1848529286216944e-05,-5.9529877034947276e-05,0.00017455234774388373]
R34_S22 169.25 296.25 148.9996 189.5001 276.2446 316.1224 29.69848 [-0.0065760831348598,-0.0065760831348598,-0.0056890323758125305,-0.0034224025439471006,-0.0015542478067800403,-0.0011359150521457195,0.003655072068795562,0.00019868690287694335,-0.003035386325791478,-0.0005303883808664978,-0.0038869096897542477,0.0005834908806718886,0.0009685508557595313,0.0008901128894649446,-0.0007151776808314025,-0.0015242926310747862,-0.00048751593567430973,0.0009744689450599253,-0.001624707831069827,-0.00034264131681993604,0.00013219911488704383,-0.0012369315372779965,0.0003747660666704178,0.0003604170342441648,-9.221225627698004e-05,-0.00016519178461749107,6.139808829175308e-05,0.00019134083413518965,0.0018734763143584132]
R40_SG1 258.738 -212.238 238.488 278.9882 -232.1099 -192.0205 29.69848 [-0.009267643094062805,-0.009267643094062805,-0.0019205011194571853,-0.0013676524395123124,-0.006654050201177597,-0.00016679393593221903,0.0019105225801467896,0.00023618592240381986,0.0020901006646454334,-0.0031922583002597094,0.002123140264302492,-0.000919860671274364,-0.0015108516672626138,-0.0012760513927787542,-0.0024585260543972254,-0.0005519676487892866,0.0012288629077374935,-0.0004773535765707493,-1.7356249372824095e-05,-0.0005886389990337193,0.00025865770294331014,0.0011055883951485157,0.0003547746455296874,-0.000629655783995986,-0.0009288295987062156,0.0005764159141108394,-0.0010234130313619971,0.0007784924237057567,0.0005304371006786823]
R40_SG0 212.238 -258.738 192.3067 232.1942 -278.9884 -238.4878 29.69848 [-0.0010713865049183369,-0.0010713865049183369,-0.007127500604838133,0.004086457192897797,-0.006251886952668428,0.0019894868601113558,-0.002572043100371957,0.00023838889319449663,-0.0017466923454776406,0.0012934590922668576,0.00026512876502238214,-0.00019674380018841475,-0.00013567150745075196,0.0002443145785946399,-0.00020333538122940809,0.0002471165207680315,0.0004641408449970186,-0.0005041942349635065,0.00018348089361097664,0.00018602062482386827,-0.0005500378319993615,-8.093076758086681e-05,0.0005664211930707097,-8.841763337841257e-05,0.00017174609820358455,0.00031210333690978587,-0.0002198242291342467,0.0008067183080129325,-0.000493771571200341]
R40_SW0 214.25 -202.6272 193.747 234.7471 -212.2593 -192.9907 29.69848 [-1.509792685508728,-1.509792685508728,-0.0022021362092345953,-0.005526184570044279,-0.005674081388860941,0.002336005214601755,0.0031208524014800787,-0.0019034998258575797,-0.00021001562708988786,-0.0020469180308282375,0.005549921188503504,-0.0005364668904803693,0.0005282500642351806,0.0011418097419664264,-0.0031763389706611633,0.0019554588943719864,0.00043976891902275383,-0.00032662501325830817,0.0009498732979409397,-0.0007241937564685941,-0.003094322048127651,0.0028772971127182245,-0.00032055849442258477,0.0004508272686507553,-0.00019052979769185185,0.0005550536443479359,-0.0011452249018475413,-0.0009095660643652081,0.001460430445149541]
R40_SW1 214.25 -225.8728 194.127 234.5482 -235.8753 -215.8751 29.69848 [1.501435399055481,1.501435399055481,-0.0058974516578018665,-0.0031985382083803415,-0.003478696569800377,-0.004949669353663921,0.006040794774889946,0.0021350630559027195,-0.002345313783735037,0.0028377878479659557,-0.013728403486311436,0.0017526267329230905,0.0018930055666714907,-0.0001797375298338011,-0.0022766292095184326,0.00586332892999053,-0.0018468393245711923,0.0013324108440428972,-0.004191194660961628,0.0008413356845267117,0.0008884216658771038,0.0006618645275011659,0.00019705573504325002,0.0003054872795473784,-3.69901281374041e-05,0.00020630891958717257,-0.0002019693929469213,-0.0035816493909806013,0.0024206179659813643]
R41_S00 211.75 -169.25 191.4999 231.9999 -189.1228 -149.3772 29.69848 [-0.004575863480567932,-0.004575863480567932,-0.0032634956296533346,0.0006725784041918814,-0.005589914508163929,-0.0007402634364552796,-0.0031172477174550295,-0.0006019317079335451,-0.0009573483839631081,-4.784872362506576e-05,-0.0006097505101934075,0.00023299524036701769,-9.091685205930844e-05,-0.00012759574747178704,1.4648503565695137e-05,0.00013438952737487853,0.00013252954522613436,-0.00012338058149907738,0.00015877097030170262,-0.0002811932354234159,-0.0006962333573028445,-0.0005705576040782034,0.00034020995371975005,1.7530064724269323e-05,0.00021587735682260245,0.00028057629242539406,-0.00028476014267653227,-1.532095848233439e-05,-0.0007231764029711485]
